image:
  width: 752
  height: 480
parameter:
  fx: 1
  fy: 1
  cx: 366.29203697885089
  cy: 249.09872360933889
  k1: 457.64454305197813
  k2: 34.274346451311672
  k3: -183.88673115363082
  k4: 413.21000434384302
  k5: -405.31764018938634
  k6: 145.79504766909099
