image:
  width: 752
  height: 480
parameter:
  c: 1
  d: 0
  e: 0
  cx: 366.29275300402855
  cy: 249.10019008488965
  coefficients:
    projection: [732.88107102388017, -493.12928353979964, 32.846108672521808, 94.401286540157628, -398.59523697098456, 751.29024581938677, -948.24769894686256, 861.21213006907124, -555.46262577328343, 245.3220604326655, -70.302949660749377, 11.783318685967384, -0.87869457632418813]
    unprojection: [463.02876597046475, -0.039418774009428358, -0.00053386557625573411, -2.978232209748457e-07, -1.0147773938993277e-10]
